30 2f 31 
28 32 2b 33 2b 34 29 
35 2b 28 28 36 2a 37 29 2f 38 29 
39 2a 30 2d 31 2f 32 
33 2a 28 34 2f 35 29 
28 28 36 2a 28 37 2b 38 29 29 2f 39 29 
28 28 28 30 2a 28 31 29 2b 28 32 29 2f 33 29 29 29 
28 28 34 2b 35 29 29 
28 28 38 2b 39 29 29 2f 35 2d 31 
28 28 32 2b 33 29 2b 28 34 2b 35 29 29 
28 36 2b 28 28 37 2b 38 29 29 29 
39 2a 28 30 2d 31 29 
32 2b 33 2a 34 2d 35 2f 36 
28 37 2a 38 2a 28 39 2a 30 2a 31 2a 32 29 29 
33 2a 28 34 2d 35 2d 36 2f 37 29 
28 28 38 29 2b 28 39 29 2a 30 2d 28 31 29 29 
28 28 28 32 2b 33 29 2f 34 29 29 2b 28 35 29 
28 28 36 2b 37 29 2b 38 29 
28 39 2b 28 28 30 2b 31 29 29 29 
30 2b 31 2b 32 2a 28 33 2b 34 29 2a 28 35 2a 36 2b 37 29 2b 38 2a 39 
28 30 2b 28 31 2b 32 29 2a 28 33 2b 34 29 29 2a 28 28 35 2a 36 2b 37 29 2b 38 2a 39 29 
